Max=0.10052834448079301
Min=3.45639365414901e-10
