Max=0.114986623497491
Min=2.0337894907369154e-10
