Max=0.20674699727525803
Min=5.219066067344391e-11
